6
Jean123 1234 M RDC 1.5e+006 2149.86 112 0 0 3e+006 5202 0 0 0 0 0 12 26.1 4.5977 0 0 5 10 0 0 12 1790260473 34 10 4500123456789012 Gold 3000 0 1 1 0 0
Initial|2500|USD|RDC|Systeme|0
Interet Epargne|100|USD|RDC|Banque|0
Depot|12|EUR|RDC|Moi|0
Interet Epargne|102|USD|RDC|Banque|0
BUY RTC|12|RTC|RDC|Broker|0
Marie456 5678 F France 0 150 1200 0 0 0 0 4500 0 0 0 0 0 0 0 0 0 1 10 0 0 0 1790259634 0 0 4900876543210987 Platinum 7500 0 1 0 0 0
Initial|1200|EUR|France|Systeme|0
Pierre789 0000 M Canada 0 80 0 0 0 0 0 0 0 0 1200 34 0 0 0 0 0 1 55 0 0 0 1790259634 0 0 4100555566667777 Classic 1000 0 1 0 0 0
Initial|80|USD|Canada|Systeme|0
Kader243 3333 M RDC 450000 10 0 400 0 1.2e+006 0 0 0 0 0 0 0 0 0 0 0 1 15 0 0 14 1790259634 0 0 4200999988887777 Gold 3000 0 1 0 0 0
Initial|450000|FC|RDC|Systeme|0
Wong888 8888 M Chine 0 500 0 25000 0 0 0 0 60000 0 0 0 0 0 0 0 0 1 8 0 0 0 1790259634 0 0 4600111122223333 Platinum 7500 0 1 0 0 0
Initial|25000|CNY|Chine|Systeme|0
Smith777 7777 M Royaume-Uni 0 100 0 0 3500 0 0 0 0 9000 0 0 0 0 0 0 0 1 12 0 0 2 1790259634 0 0 4700444455556666 Gold 3000 0 1 0 0 0
Initial|3500|GBP|Royaume-Uni|Systeme|0
